97
94
96
95
95
97
97
95
89
88
88
84
85
84
82
81
80
81
78
78
77
55
51
51
50
50
46
45
44
44
42
39
40
40
36
35
32
33
33
29
29
30
27
27
25
25
23
23
21
19
18
18
15
15
30
28
28
27
27
23
24
23
19
18
17
21
18
18
58
58
57
57
54
54
53
68
65
65
64
61
60
57
58
58
54
54
53
51
49
49
49
47
48
44
43
44
40
39
39
36
36
36
32
32
33
32
30
30
28
28
25
26
24
23
22
22
21
19
19
18
17
15
16
15
13
20
21
21
20
22
22
20
18
20
20
21
17
17
18
20
17
17
17
23
21
21
22
23
24
24
20
21
21
22
23
19
19
19
20
16
16
24
22
23
23
23
24
24
23
23
23
23
21
21
21
21
19
18
18
20
17
17
17
18
19
16
15
16
16
14
14
14
18
17
17
19
16
16
16
23
21
21
22
23
22
20
22
22
22
22
20
20
21
20
18
19
19
20
18
17
23
22
22
22
23
23
24
22
22
22
23
21
21
21
21
19
19
20
17
17
18
17
18
16
15
15
22
20
21
22
22
20
21
22
22
23
20
29
31
31
28
28
29
29
30
29
27
28
29
30
26
26
27
27
25
25
24
22
23
22
22
20
20
21
21
21
18
19
20
20
17
19
19
19
16
17
18
16
16
15
20
19
18
18
19
19
17
18
17
18
20
17
16
17
19
19
15
16
16
21
18
22
23
24
21
21
22
23
24
24
26
23
22
23
25
22
21
22
22
20
21
22
22
19
20
20
21
19
18
19
19
19
17
16
19
19
15
16
17
18
16
15
16
21
19
18
19
21
18
18
18
18
19
19
16
17
18
19
15
15
16
16
14
14
14
22
20
20
22
22
19
20
22
22
23
23
21
22
21
22
19
19
20
21
17
18
18
20
17
17
17
22
20
20
20
21
22
19
19
21
22
21
22
19
20
21
21
18
18
20
20
18
18
18
20
17
16
17
16
18
16
14
15
22
20
22
22
21
19
19
20
21
22
18
19
19
20
18
18
17
18
19
19
17
16
17
17
15
15
15
17
14
14
15
21
20
21
22
22
20
20
20
21
22
22
19
20
20
21
17
17
18
19
17
16
24
22
23
24
23
24
24
22
23
23
23
20
20
20
21
18
18
20
28
26
26
26
26
24
25
25
24
26
24
24
24
26
23
23
23
23
20
21
22
18
18
19
20
17
18
17
20
20
20
18
19
20
19
17
18
19
19
17
18
17
19
17
16
16
21
19
20
22
21
22
19
20
21
21
22
19
20
21
20
17
18
19
25
24
24
26
26
24
24
24
26
25
26
26
28
29
25
25
27
27
24
24
24
25
23
24
24
24
23
23
24
23
24
22
22
22
23
21
20
21
21
18
20
19
20
18
17
18
19
17
17
17
19
19
17
16
16
18
14
15
14
18
17
17
17
19
17
17
17
18
24
22
24
25
25
25
26
23
24
25
24
27
25
25
25
25
23
22
23
22
20
22
23
22
23
20
21
21
20
18
19
20
19
17
17
18
18
16
16
17
24
23
24
24
25
24
27
24
24
25
25
26
23
24
23
24
22
23
23
23
20
22
23
23
20
21
21
21
21
18
18
19
19
16
16
18
18
16
15
16
23
22
24
24
25
22
22
23
24
23
24
23
22
23
22
20
20
20
21
17
18
18
19
17
17
17
21
20
21
22
22
23
23
20
22
22
22
23
21
22
21
22
20
20
21
21
19
18
21
21
18
17
17
19
18
16
15
18
18
15
15
17
18
14
15
16
22
21
22
22
23
21
20
22
23
23
23
21
21
22
22
22
20
20
21
21
19
20
21
22
18
18
18
19
19
16
16
17
17
15
14
15
22
20
20
22
22
20
25
24
24
25
27
23
23
24
23
21
22
23
23
20
20
22
21
22
19
20
21
20
18
20
20
20
18
18
20
20
17
17
18
18
16
16
16
17
18
16
15
16
16
14
14
14
19
17
18
18
24
23
23
25
25
25
23
24
24
25
25
27
28
24
25
25
26
23
23
22
20
22
21
22
19
19
20
18
17
17
18
18
16
17
16
19
19
16
16
18
18
15
15
16
23
22
24
24
24
22
21
22
23
23
23
22
22
23
22
21
20
21
21
19
19
20
21
18
18
18
19
17
18
16
19
19
16
16
17
17
15
14
15
16
14
14
14
22
20
21
22
23
20
20
22
22
23
23
20
21
21
21
18
19
20
20
17
18
18
20
18
17
17
21
20
20
21
22
21
18
19
19
20
21
17
20
20
20
18
18
18
19
17
16
17
22
22
22
24
24
24
24
35
35
36
37
38
35
35
35
37
34
34
34
35
33
33
33
34
34
33
34
33
34
35
32
32
33
33
30
31
32
31
29
30
31
30
28
30
30
31
30
28
28
28
29
26
28
29
28
26
27
26
28
25
25
25
26
24
24
24
24
25
22
22
22
22
21
21
22
21
19
19
20
21
18
18
18
27
26
27
27
28
28
28
29
30
26
27
28
29
30
26
28
29
29
27
26
26
28
24
25
25
27
25
24
25
28
27
25
24
26
27
24
24
24
24
23
23
24
23
21
22
22
22
21
22
23
22
23
20
20
20
20
17
19
19
20
18
17
18
19
17
16
17
19
19
16
16
16
17
14
15
14
17
14
14
15
16
14
14
14
22
20
21
22
23
23
21
22
23
22
23
21
21
21
21
19
20
21
21
18
19
20
18
18
18
17
19
19
16
16
18
18
16
16
16
18
14
14
15
21
20
21
22
23
21
20
20
21
22
22
23
21
21
21
22
20
21
21
21
19
19
20
20
18
18
20
20
21
18
19
20
19
17
17
18
19
16
16
17
24
23
24
24
24
22
22
23
22
23
24
22
22
22
22
19
20
20
20
17
18
18
19
17
17
17
24
23
25
25
24
25
25
23
23
23
24
26
23
23
23
23
21
21
22
22
20
20
21
22
19
19
21
21
22
18
20
20
20
17
19
19
19
17
17
17
18
16
16
17
18
19
15
16
18
18
15
15
18
17
16
19
21
21
18
19
20
21
19
19
19
19
20
21
18
19
20
20
17
17
18
18
16
16
16
21
19
19
20
20
18
18
18
18
19
20
16
16
17
17
15
15
15
17
14
14
15
22
21
21
22
22
20
20
20
22
23
22
23
22
22
23
22
21
21
21
22
19
19
21
21
19
18
21
22
21
22
20
21
21
21
19
19
20
20
18
18
18
20
18
17
18
19
20
20
17
19
19
20
17
17
18
19
16
16
18
18
16
15
16
22
21
22
23
23
23
21
22
23
23
23
21
21
21
21
18
18
19
19
17
17
18
21
20
20
20
21
22
19
18
20
21
21
17
19
19
19
17
17
18
19
17
17
17
21
19
19
20
20
21
18
18
20
21
20
18
18
18
19
16
16
16
21
19
18
19
19
21
17
17
17
18
19
16
16
16
18
19
15
15
16
23
20
21
22
23
21
20
23
22
23
24
24
22
22
22
22
21
21
22
22
19
19
21
21
18
18
19
20
20
17
16
18
19
15
15
16
16
14
15
14
17
14
14
15
22
21
21
22
23
23
20
22
22
22
23
21
22
21
22
19
19
20
21
18
18
19
20
17
18
17
18
19
19
16
15
16
17
14
15
14
19
17
17
17
26
24
25
26
27
27
24
25
25
26
27
26
29
29
26
26
28
29
25
25
26
26
24
24
24
25
22
22
23
22
21
21
21
22
22
22
21
21
21
22
19
19
21
21
18
18
20
21
18
18
18
18
19
16
16
17
18
16
16
17
18
15
15
16
23
22
24
24
25
22
23
23
24
24
26
24
23
23
24
21
21
22
22
19
20
21
22
19
19
21
21
21
21
19
19
20
20
17
19
19
20
17
17
19
18
16
16
17
23
21
22
23
24
24
24
23
23
24
25
24
23
22
22
23
21
22
22
23
19
19
20
20
18
18
20
20
20
18
19
19
19
17
18
19
18
17
17
18
18
16
16
16
21
19
18
19
20
21
17
17
17
18
19
16
16
15
16
18
14
15
15
19
17
18
17
25
24
24
26
25
26
27
28
25
25
26
27
28
25
24
25
25
23
23
24
23
21
23
23
23
21
22
23
22
23
23
21
21
21
21
19
20
20
20
18
20
19
20
18
17
17
19
17
16
17
18
19
16
16
18
18
15
15
16
16
15
14
15
18
17
16
16
23
22
21
23
24
24
24
22
23
23
24
23
21
22
22
22
22
19
20
20
21
18
18
18
20
17
17
17
19
19
17
15
16
16
14
15
21
20
20
21
22
18
19
19
19
21
18
17
18
19
20
20
17
19
20
19
17
16
18
19
16
16
16
20
19
18
19
19
20
17
17
17
18
19
17
16
16
25
23
23
24
25
24
21
23
24
24
24
25
22
22
23
22
21
21
21
21
19
19
20
21
19
18
20
20
18
18
18
19
20
16
16
18
18
16
16
17
18
15
14
22
21
21
22
23
21
20
21
22
22
23
20
21
22
21
22
20
20
20
21
18
18
19
20
17
17
17
19
19
20
17
17
18
18
16
15
18
18
15
16
17
23
22
22
23
23
21
22
23
24
23
24
26
23
23
23
26
23
23
23
23
21
22
22
22
20
20
21
47
48
48
46
46
48
48
45
45
46
47
44
44
45
46
46
44
44
46
47
45
44
45
45
47
47
45
44
46
46
44
44
44
46
43
43
43
45
42
42
43
42
42
42
41
41
42
40
41
40
41
40
40
40
40
39
39
40
39
37
39
38
39
36
38
38
38
39
37
36
37
38
36
36
38
38
35
36
36
37
35
34
35
36
34
34
33
35
35
32
33
33
33
31
31
33
33
30
31
32
33
31
30
33
33
33
33
33
35
31
31
32
34
31
31
31
32
29
30
31
31
28
30
30
31
29
30
31
30
31
29
29
30
30
28
27
29
29
27
27
28
28
26
25
26
27
25
25
25
26
27
24
23
24
24
22
23
22
23
21
21
22
22
20
20
21
22
19
19
20
21
20
18
18
19
19
16
16
16
17
15
15
14
22
21
21
23
23
21
20
21
21
22
23
24
22
21
22
23
21
21
21
21
19
19
20
20
18
18
18
20
18
17
17
18
18
16
15
16
17
17
15
14
15
16
14
14
15
22
21
21
22
23
23
20
20
22
22
22
20
20
21
21
18
18
18
19
17
16
17
21
20
20
21
21
22
18
18
20
20
20
17
19
20
20
17
18
18
19
16
16
16
18
19
16
16
18
18
15
15
16
16
14
14
14
16
14
14
15
22
21
23
23
24
23
21
22
22
22
23
22
22
21
22
20
20
20
21
18
18
18
19
17
17
17
18
19
16
16
16
19
17
17
18
18
16
17
17
21
20
20
21
22
21
19
19
20
20
20
18
19
20
20
17
19
20
19
17
17
17
18
16
16
17
18
19
16
15
17
17
15
15
19
18
18
19
20
18
17
18
18
19
17
17
17
19
20
16
16
17
17
15
14
15
19
18
17
20
19
17
17
17
18
19
17
17
17
18
19
15
15
15
48
29
25
24
21
22
21
19
18
17
16
17
13
12
41
41
44
44
33
35
35
40
41
44
47
49
52
55
59
58
63
65
66
70
72
75
76
79
84
84
88
90
90
93
97
101
104
104
107
110
107
109
112
114
115
117
120
122
122
122
121
121
120
120
119
117
117
118
116
116
115
114
114
114
113
112
112
111
111
111
109
109
109
107
107
107
107
106
107
106
104
104
104
103
102
102
102
101
100
100
101
98
97
95
94
95
93
92
91
92
90
90
89
89
88
88
85
86
86
84
83
84
82
82
81
80
80
80
79
78
77
77
76
75
76
74
74
76
74
73
72
73
71
70
70
68
68
68
67
67
66
64
65
65
64
62
63
63
60
60
61
59
58
58
57
57
57
55
54
55
55
55
52
52
53
50
50
50
49
48
48
46
47
46
45
44
44
44
42
42
61
61
66
67
65
65
65
63
63
63
61
60
60
59
57
57
59
57
56
57
56
56
56
55
56
56
56
53
53
53
51
51
51
49
49
49
46
47
47
47
44
45
44
43
42
43
41
41
42
40
40
39
38
37
37
36
34
36
36
33
33
34
32
31
33
31
30
30
31
29
29
28
26
27
27
25
25
23
23
23
24
22
21
21
19
20
19
17
18
18
16
16
21
19
19
20
19
17
17
18
18
16
15
16
14
14
22
21
22
22
21
19
19
20
20
18
19
18
15
15
22
22
22
21
19
20
20
20
18
18
18
15
16
16
14
14
22
20
21
21
21
18
19
19
16
18
18
16
15
21
20
21
21
21
18
19
19
17
19
18
17
15
22
21
22
21
21
18
19
19
16
16
17
15
14
19
17
17
24
21
22
22
22
22
21
21
20
20
20
20
17
18
18
16
15
22
20
21
21
21
19
19
19
19
18
18
18
15
15
16
14
14
22
20
21
21
20
18
19
19
16
16
17
15
15
20
19
19
20
18
17
17
18
18
15
15
16
14
14
20
23
23
23
20
21
21
18
18
19
19
17
15
16
14
14
18
17
17
23
22
23
23
22
21
21
21
20
17
18
18
16
18
18
16
15
23
21
21
21
18
18
18
16
16
17
15
15
21
19
19
26
26
26
25
25
26
24
24
24
24
23
22
22
21
21
21
19
18
18
16
16
16
17
14
13
21
20
20
20
18
17
39
38
43
43
40
40
22
17
16
16
17
14
14
22
21
22
22
20
18
19
19
17
16
16
457
463
463
462
465
465
476
476
510
524
550
553
553
553
552
552
552
552
552
552
552
548
582
581
581
581
578
578
577
575
574
574
595
596
595
595
592
592
591
590
590
589
588
587
590
607
608
607
607
604
604
604
602
602
601
600
599
599
597
597
596
595
594
597
597
595
594
594
592
592
591
590
590
597
596
596
595
594
593
593
592
590
589
589
587
587
586
585
584
584
583
582
582
581
579
578
578
578
578
581
580
580
579
578
577
577
576
575
573
574
571
575
575
576
575
574
573
572
572
570
570
573
573
572
571
571
569
568
568
567
571
572
570
570
569
569
572
572
572
570
570
569
567
567
569
568
568
568
567
566
566
565
564
564
561
561
560
558
559
557
556
556
555
553
552
552
550
550
547
546
545
543
542
541
541
538
536
536
534
534
539
538
537
537
536
536
536
535
533
535
535
533
532
531
529
530
528
527
527
528
527
526
525
523
524
524
523
522
523
523
522
514
509
509
506
506
506
503
503
502
501
502
502
501
501
501
501
570
570
570
570
571
570
571
572
564
563
563
563
563
563
562
562
561
561
561
560
561
561
560
560
554
556
558
557
556
555
555
554
555
559
558
558
558
555
554
554
548
546
550
551
550
550
550
549
549
549
548
547
547
548
548
548
539
540
541
541
537
537
537
536
536
535
535
532
531
531
531
531
525
523
525
525
524
525
523
523
522
522
522
522
522
523
521
521
514
514
511
511
510
510
509
508
507
507
507
544
545
545
548
548
541
542
541
541
541
540
540
540
532
532
531
531
530
530
530
524
524
523
523
523
526
523
523
521
522
522
520
520
516
514
517
517
516
516
512
511
511
511
509
509
509
508
482
481
480
480
478
478
477
474
474
475
472
472
472
470
468
469
470
467
466
466
465
461
461
461
461
461
461
461
462
462
462
461
462
434
436
435
433
433
434
432
431
431
429
430
430
429
429
429
430
415
399
394
393
394
394
394
393
395
394
394
393
393
388
388
387
387
388
388
383
383
383
382
383
382
382
379
378
379
379
375
377
378
374
373
373
374
371
372
371
371
371
372
372
372
371
371
370
369
370
369
369
363
322
318
312
313
312
312
312
305
305
306
305
305
302
302
300
299
299
298
299
300
299
299
300
299
299
298
298
297
299
291
279
273
270
266
263
259
253
249
244
242
239
234
230
229
230
226
221
219
214
208
207
201
195
193
188
181
176
174
170
169
165
161
156
153
149
145
142
138
135
131
127
124
119
116
113
109
106
101
97
92
90
87
80
78
72
69
67
60
56
49
49
42
38
36
30
27
23
16
25
19
33
28
23
26
24
25
20
19
47
42
36
31
29
25
21
20
20
16
20
18
16
15
22
19
16
14
20
17
22
20
21
17
21
18
20
25
19
24
22
24
20
22
17
17
22
19
21
20
23
22
20
14
19
19
25
19
22
19
21
18
16
20
17
22
20
22
19
17
13
18
20
17
22
20
17
20
17
15
22
19
19
21
18
21
19
20
16
20
17
18
22
18
19
23
20
21
17
20
18
16
20
17
20
18
20
18
20
17
20
18
20
18
20
17
21
18
18
60
60
61
61
61
17
19
16
16
41
41
43
41
31
32
36
39
37
38
42
45
46
48
51
54
54
58
60
59
63
65
65
66
71
73
76
78
80
84
86
87
91
91
93
95
98
98
103
104
108
107
110
114
117
117
120
121
125
127
128
131
132
135
135
139
140
143
142
145
146
149
150
153
156
157
159
162
164
167
168
169
169
173
176
175
178
182
183
185
188
189
190
193
195
196
198
201
204
203
206
208
212
211
214
217
216
220
223
222
226
229
228
232
235
234
237
241
242
246
245
248
250
249
252
254
256
259
260
262
264
266
269
271
272
275
278
277
279
282
284
287
288
289
291
292
293
296
294
297
301
304
305
306
309
311
312
319
316
319
341
343
342
340
344
346
343
343
342
342
339
343
344
341
341
340
339
338
341
341
341
338
338
337
335
333
336
335
334
334
331
331
330
330
329
327
329
329
327
326
325
323
322
322
322
319
321
321
319
318
318
314
313
311
315
315
314
313
311
310
309
309
307
308
306
306
305
304
307
307
305
303
301
301
299
298
297
299
298
298
297
296
295
295
292
292
296
294
293
293
291
290
289
289
289
288
288
288
285
284
284
282
286
285
284
283
283
281
280
284
284
283
281
255
255
241
236
238
237
237
237
236
236
230
230
230
234
234
234
228
228
227
226
226
230
228
226
226
226
226
225
225
225
225
224
224
224
223
224
224
224
223
222
222
222
216
219
218
218
219
218
213
212
212
211
211
205
209
207
207
206
206
201
201
201
202
202
202
201
197
195
196
195
199
199
195
195
194
193
193
193
188
190
190
189
189
188
184
183
183
187
186
186
181
181
180
180
179
179
181
177
176
176
175
175
174
168
167
170
170
171
165
164
163
163
162
166
162
161
161
160
159
159
155
158
159
158
158
157
157
156
154
154
154
154
153
153
148
148
147
147
149
149
145
144
144
143
143
143
147
205
206
205
205
204
200
199
199
202
202
201
201
200
196
196
200
200
199
200
199
195
194
194
194
197
197
193
192
192
191
190
190
190
189
189
188
188
187
183
187
187
187
186
186
185
180
180
182
182
182
181
176
175
176
175
178
178
172
172
171
171
170
165
163
164
167
167
162
162
161
161
160
160
163
159
159
158
158
157
157
156
155
155
155
154
154
149
149
148
150
151
150
150
146
145
145
144
148
148
147
141
141
141
141
140
140
135
139
139
138
138
137
133
132
135
135
135
134
130
129
129
129
132
132
130
127
126
125
125
126
130
131
125
124
124
123
123
123
118
120
120
119
119
119
115
114
114
113
116
111
110
110
109
109
108
112
112
109
107
108
107
106
106
106
106
105
105
104
104
99
99
103
103
103
102
98
97
97
96
96
100
94
94
93
93
92
92
92
90
90
89
89
88
88
87
84
83
86
86
85
80
79
79
78
78
77
76
76
76
75
75
74
74
69
69
68
71
71
71
70
66
65
65
66
68
61
61
60
59
59
59
54
58
58
58
58
58
57
53
52
55
56
56
55
55
50
50
55
54
54
53
48
47
47
46
47
49
49
44
44
43
43
42
42
37
40
40
40
39
39
33
33
33
36
37
36
36
30
30
30
32
32
32
27
26
26
25
25
31
27
27
26
26
25
36
32
32
31
31
30
30
34
29
29
28
28
29
28
28
35
30
30
29
29
28
34
34
30
29
28
28
27
33
30
28
29
28
28
27
34
29
29
28
28
27
34
30
29
29
27
28
28
30
26
26
25
24
23
33
28
28
27
27
26
35
31
30
30
30
30
30
38
33
33
32
32
31
31
33
29
29
28
27
27
27
26
32
29
29
28
28
27
33
28
28
27
27
26
26
32
30
29
29
29
29
35
31
31
30
28
28
27
35
31
30
30
29
29
29
30
25
25
24
24
23
30
27
27
26
26
25
35
30
29
29
29
35
31
30
30
29
30
35
36
35
30
29
28
28
33
33
28
28
27
27
27
34
29
29
29
28
28
28
36
32
32
31
31
31
30
33
33
28
27
28
27
28
35
31
31
32
31
31
30
31
31
32
27
26
25
22
21
46
44
50
50
49
46
45
45
44
44
44
45
50
50
51
51
51
52
51
52
47
49
48
48
49
48
48
47
44
38
40
40
41
40
40
34
33
33
32
38
38
38
32
31
31
30
36
38
37
34
33
32
32
31
32
37
30
29
29
29
28
28
38
31
31
30
31
30
37
32
31
31
30
31
31
30
33
26
26
25
25
24
35
31
31
30
29
29
36
30
30
29
30
30
29
29
38
34
33
33
32
32
39
33
33
31
32
33
37
36
37
31
30
29
29
29
31
31
28
27
27
26
26
25
27
23
22
22
22
21
36
32
32
31
31
33
33
28
27
28
28
28
29
30
30
30
25
24
24
37
37
33
32
32
31
59
57
56
56
57
56
56
55
77
53
53
52
51
51
50
51
50
66
77
88
93
93
92
93
94
104
104
115
68
76
75
86
89
89
88
94
103
105
104
107
108
109
112
113
117
120
121
124
125
127
128
131
132
135
137
140
139
145
146
147
147
151
153
153
157
160
161
165
166
168
170
170
173
175
180
180
182
185
185
189
192
193
196
199
201
203
207
208
210
214
216
216
218
222
223
225
229
228
232
236
236
239
243
242
246
250
250
254
254
256
258
262
266
264
268
271
271
274
278
280
281
285
287
290
292
296
300
300
303
305
310
309
312
316
316
320
326
327
331
332
334
333
334
338
338
341
344
345
430
430
429
428
427
426
423
422
422
422
424
424
422
422
421
419
419
419
419
419
418
415
415
415
414
413
411
411
410
410
409
407
406
408
407
405
404
404
404
404
401
401
401
401
400
398
398
397
396
397
395
394
394
394
392
392
391
391
388
388
388
387
386
386
385
383
382
383
382
381
381
382
380
378
378
378
377
375
374
373
371
371
371
369
369
368
368
365
364
363
361
360
358
358
359
356
356
355
355
353
352
351
348
347
347
346
347
345
344
344
341
340
339
337
335
334
334
332
332
332
332
330
330
326
324
323
324
322
322
321
319
317
316
315
314
315
315
314
296
295
292
291
290
288
287
286
284
285
284
283
268
257
243
239
234
227
222
218
212
205
199
193
188
183
181
178
176
172
168
160
156
139
124
108
92
78
66
49
32
25
19
19
26
26
19
15
16
20
19
22
25
23
25
17
21
21
24
25
23
29
23
21
23
24
24
28
23
24
25
25
29
23
20
23
24
24
28
23
21
23
24
24
16
23
22
23
23
23
22
20
19
20
17
16
17
14
13
61
60
43
30
28
28
27
27
27
35
30
28
28
28
28
38
33
32
30
30
30
29
39
35
34
34
35
39
41
40
35
34
34
32
36
36
36
31
31
30
30
29
29
32
28
28
27
27
26
26
36
33
32
32
31
31
30
40
34
33
34
33
33
32
35
35
30
29
29
28
29
28
28
34
31
30
29
29
28
38
29
29
27
27
39
34
34
33
33
33
33
43
38
37
37
37
37
38
43
43
42
42
41
36
35
41
41
42
41
41
40
35
34
39
40
39
39
32
32
31
31
31
34
28
27
27
27
26
37
33
31
31
30
30
36
36
31
29
30
30
30
35
37
31
29
28
28
27
40
36
34
34
33
33
40
36
35
35
34
34
34
34
37
37
33
32
32
31
31
30
35
33
28
27
27
26
26
35
31
30
30
29
29
38
33
32
32
34
34
34
34
33
34
29
29
30
30
30
29
26
25
24
56
54
54
53
53
52
52
52
57
57
56
56
54
54
55
56
54
55
55
55
55
56
55
56
60
61
61
60
60
59
53
52
57
57
56
57
50
49
49
49
48
48
46
45
45
44
44
43
36
36
36
35
41
41
36
35
35
34
33
33
33
34
29
29
28
28
29
29
28
29
28
54
55
54
51
50
50
47
46
45
47
47
47
46
47
48
47
47
47
47
48
49
42
41
41
41
41
38
32
31
45
44
43
57
31
30
29
29
29
38
35
34
34
34
35
34
35
36
36
35
29
28
30
31
30
30
29
31
27
26
25
26
21
21
42
40
39
39
49
46
46
46
46
44
47
48
48
48
49
51
51
52
51
52
44
43
43
42
42
42
43
43
38
37
37
35
35
34
30
32
32
31
31
28
28
28
25
25
25
22
22
21
19
19
18
17
17
16
15
15
12
13
11
17
17
17
15
15
13
12
16
15
15
15
13
14
11
17
17
17
16
16
15
15
14
14
12
20
19
18
17
17
16
15
15
12
12
10
16
17
15
14
14
14
11
12
11
17
16
16
14
14
13
12
16
14
15
12
12
15
14
18
17
17
17
16
15
15
14
13
12
13
10
17
17
16
14
14
15
12
13
11
17
17
16
16
16
15
12
16
15
15
15
13
13
11
11
15
15
15
12
16
14
15
15
13
14
12
12
13
11
17
16
16
14
14
12
12
16
16
16
15
19
20
18
17
18
17
17
16
15
15
14
14
12
12
11
17
18
17
17
16
15
12
16
14
15
14
12
18
17
16
15
15
15
13
13
12
13
10
20
20
20
19
18
18
18
19
20
18
17
16
16
15
13
14
13
12
16
16
15
15
14
13
12
18
18
17
17
17
15
15
14
14
12
18
17
17
14
15
15
13
13
12
11
15
13
17
16
16
16
15
14
14
13
16
14
13
14
12
18
18
18
17
16
16
15
13
13
12
12
15
14
14
12
11
15
16
15
15
13
13
12
18
17
16
16
14
13
11
12
10
17
18
17
16
16
16
15
14
13
12
12
16
14
14
14
13
12
16
14
15
13
11
15
14
14
14
12
12
16
14
14
12
12
12
10
17
16
16
13
15
14
12
13
11
17
15
16
15
14
14
14
12
13
11
17
16
16
14
13
14
12
15
15
15
12
17
15
16
15
13
14
13
11
12
9
16
16
15
14
13
13
12
18
17
16
16
15
14
12
20
19
18
19
16
16
15
15
12
16
14
15
15
13
14
13
12
16
14
14
14
12
16
14
14
13
12
16
15
15
15
13
13
12
20
19
20
20
17
18
16
16
15
15
13
12
16
16
16
16
13
14
12
11
15
14
14
14
13
19
18
18
19
16
15
15
14
12
16
15
15
15
13
13
11
16
13
17
15
16
15
14
14
13
12
13
11
17
17
17
16
16
15
13
14
14
11
12
11
17
15
15
16
14
19
20
20
20
21
18
17
18
17
16
14
14
12
12
16
15
15
12
13
10
16
16
16
14
15
14
12
13
11
17
16
16
14
16
17
17
16
14
14
12
11
15
13
18
16
16
15
14
15
15
12
13
11
17
17
16
14
15
15
12
16
14
15
14
12
18
18
18
17
17
16
15
13
13
12
12
13
11
17
16
16
15
14
14
12
15
16
15
15
13
14
11
11
15
14
14
12
11
15
13
17
15
16
15
14
14
14
12
11
12
10
16
16
15
14
12
13
12
11
15
15
15
12
19
18
18
18
16
16
14
14
13
16
15
14
13
12
13
10
16
16
15
12
19
18
17
16
16
16
13
14
12
12
12
11
18
17
17
17
17
15
15
13
14
12
11
12
11
18
18
18
17
16
16
15
14
14
13
16
15
15
15
13
20
20
19
19
17
17
19
18
18
19
17
17
16
15
14
14
14
12
16
14
15
15
13
14
12
11
15
13
14
12
11
15
14
18
16
16
16
14
14
14
12
15
14
13
13
12
18
17
17
16
14
14
12
11
16
14
14
12
12
15
16
14
12
13
10
17
15
15
15
14
14
13
12
16
15
15
14
14
14
12
19
18
19
19
17
17
16
15
14
14
13
19
18
17
17
16
15
13
14
12
11
19
19
19
17
18
17
17
18
16
16
15
15
15
12
14
12
18
17
17
17
15
15
12
13
11
10
16
16
16
15
14
14
11
12
11
16
17
16
15
15
15
12
12
91
92
91
91
90
92
92
92
92
94
94
95
95
97
98
97
57
55
55
56
57
57
58
58
60
59
60
61
61
61
61
61
56
55
56
54
52
52
51
51
48
49
49
46
46
46
45
44
43
43
43
41
41
39
39
39
37
37
36
36
34
34
34
32
32
31
30
29
28
28
27
27
27
25
25
23
23
22
21
20
20
19
18
19
17
16
15
15
13
17
16
16
15
14
13
11
12
9
17
15
43
42
41
40
39
38
37
25
21
19
22
23
17
17
16
15
16
15
15
20
19
18
19
17
16
23
24
23
23
23
21
21
21
20
20
20
18
17
18
17
15
23
23
23
22
24
23
22
22
21
21
20
18
20
20
17
17
17
15
15
20
18
19
19
16
18
18
16
16
23
24
24
22
22
20
20
20
20
20
20
17
17
18
16
15
20
20
20
20
20
18
18
18
17
18
19
16
15
21
21
21
21
19
19
20
20
18
19
19
16
18
18
16
15
21
22
22
22
21
21
21
20
18
19
19
17
17
18
16
15
22
20
22
21
19
19
19
20
18
20
21
21
22
22
22
22
22
21
21
21
20
19
18
16
15
16
14
13
19
17
17
23
23
24
23
24
22
22
22
21
20
20
17
19
17
15
21
19
19
19
17
18
18
15
16
15
14
13
22
21
22
22
20
20
21
21
20
18
19
18
16
18
18
16
15
20
19
20
18
17
18
19
16
18
18
16
15
16
14
14
22
23
24
23
25
22
21
21
20
20
18
17
17
17
16
16
21
20
20
19
19
18
18
18
17
17
18
15
17
17
15
15
19
18
19
18
16
16
17
15
14
22
20
20
20
18
19
19
17
17
17
15
14
23
30
29
29
27
27
27
26
26
26
24
24
24
24
23
22
21
20
18
19
19
16
16
25
25
24
24
24
23
22
24
21
21
21
19
20
19
16
24
24
23
22
22
19
19
18
32
26
23
23
23
24
23
18
17
47
46
44
45
42
42
82
74
72
72
71
71
70
70
24
18
16
22
22
21
21
18
17
16
15
15
13
17
17
16
15
15
14
12
16
14
20
19
19
18
17
17
15
15
15
13
12
13
12
12
13
10
16
15
15
13
12
11
16
17
15
15
14
14
12
13
11
18
17
17
15
14
14
13
13
10
16
15
15
13
11
12
11
16
16
14
13
15
13
14
12
11
18
18
18
16
16
13
13
12
18
16
16
16
14
13
12
11
10
16
15
14
13
13
10
16
16
16
13
14
12
12
15
13
13
11
18
17
17
16
16
15
16
13
13
12
12
12
10
17
16
16
13
14
14
12
12
11
16
16
15
13
18
18
17
16
15
14
13
15
14
15
15
13
14
11
11
17
17
17
15
15
13
15
13
13
13
12
13
10
16
15
15
15
13
14
12
11
14
14
14
12
17
17
15
14
14
13
12
12
10
16
15
16
16
13
14
12
12
13
10
16
15
15
13
16
16
16
15
14
13
11
12
10
20
20
19
19
19
18
19
20
20
17
19
17
16
14
14
12
12
13
10
16
15
15
14
14
11
17
16
15
15
14
14
12
15
14
15
15
12
18
19
17
17
16
16
13
14
14
12
15
16
15
14
14
13
11
14
12
16
15
15
13
13
14
11
11
14
13
14
12
11
17
17
16
14
15
13
12
13
10
16
15
15
15
13
14
12
12
15
14
14
14
12
13
10
17
16
16
13
14
14
12
15
14
13
14
12
16
14
14
14
13
13
11
11
14
13
13
11
17
17
16
16
15
15
12
13
13
11
17
16
16
14
15
14
12
13
11
16
16
16
13
13
12
12
12
10
16
15
14
12
12
10
16
16
16
14
14
14
11
12
10
16
15
15
15
14
13
12
12
11
16
17
15
15
14
12
11
14
13
13
12
18
18
16
16
15
14
12
13
11
10
16
16
16
16
15
14
14
14
11
12
11
17
17
17
14
14
14
12
15
14
14
13
11
17
16
16
16
16
14
14
14
12
12
11
18
17
17
16
16
15
15
15
14
13
17
17
16
15
15
15
12
13
13
11
12
10
16
16
16
16
13
14
14
12
15
15
15
14
12
18
17
17
17
17
16
15
15
14
12
16
14
15
15
13
14
14
12
12
11
16
15
15
13
19
18
18
18
18
15
16
13
14
12
11
15
14
15
14
12
13
10
16
14
15
13
12
13
11
16
16
16
13
13
14
11
17
17
17
16
14
14
12
12
12
10
16
16
15
14
14
14
11
13
11
17
15
16
16
13
14
12
11
15
15
15
14
13
13
12
19
18
19
19
17
17
16
15
13
14
13
12
16
15
16
15
13
16
15
14
14
13
18
19
18
17
17
16
15
14
14
12
18
18
17
17
16
16
15
15
15
13
16
15
16
15
13
14
13
11
13
10
15
14
14
12
12
10
16
16
16
13
13
11
17
16
16
14
14
13
12
14
13
14
11
18
18
17
17
16
16
15
15
15
13
13
13
11
16
14
15
15
12
13
12
11
14
14
14
13
17
17
17
17
15
14
12
15
14
14
14
12
16
14
14
14
11
12
10
16
14
14
13
19
19
20
20
17
17
16
15
13
13
13
12
18
17
17
18
16
15
14
13
11
17
16
17
14
14
13
12
12
10
16
16
15
14
14
13
12
15
15
14
14
13
14
11
17
17
16
17
16
15
14
14
11
15
14
15
15
12
13
13
11
11
10
16
16
15
14
16
15
16
15
13
14
11
11
15
13
16
16
15
15
13
14
14
12
16
15
15
15
12
20
19
19
19
18
19
18
18
19
17
16
14
14
12
12
20
19
20
20
16
17
16
15
13
13
11
17
17
17
17
15
14
13
15
14
13
13
12
11
12
10
16
15
15
13
12
13
12
18
17
16
16
16
15
12
12
13
11
17
16
16
15
14
14
12
13
11
17
16
16
14
12
14
12
17
16
16
15
14
14
12
12
10
16
16
15
14
14
14
12
16
15
15
15
13
16
15
15
15
12
13
13
11
17
17
17
16
14
15
15
12
16
14
13
14
12
11
20
18
19
19
17
17
15
15
12
14
12
11
15
13
13
12
12
14
13
19
18
18
19
18
17
17
16
15
14
14
13
20
19
20
19
17
17
16
16
13
14
11
11
12
10
16
15
15
13
13
13
12
12
15
14
14
12
12
10
17
17
17
17
15
14
13
14
17
15
15
14
14
11
13
11
17
16
16
16
13
14
11
11
14
15
15
12
13
10
16
16
16
13
14
14
12
13
11
17
15
16
16
13
19
18
18
17
18
16
15
15
15
12
16
15
15
14
13
13
11
14
14
13
12
17
17
17
16
14
14
12
12
13
10
16
15
15
15
14
15
13
12
15
15
14
14
13
13
11
14
14
14
14
11
12
10
15
15
21
20
20
19
20
20
19
18
16
16
14
14
13
12
16
16
15
15
14
13
11
15
15
15
13
12
13
11
11
15
14
14
13
15
14
15
15
12
18
18
18
18
18
16
15
14
14
12
12
12
11
17
16
16
15
14
14
11
12
11
17
16
15
15
15
14
12
13
11
18
17
17
17
16
15
15
15
15
12
13
13
12
15
14
14
13
12
13
11
16
16
16
16
15
15
13
14
14
11
15
15
15
14
12
13
11
16
16
16
15
14
14
11
12
11
17
16
16
16
14
14
12
15
14
14
14
12
20
18
19
19
17
17
15
15
14
14
12
11
14
14
14
12
16
17
16
16
15
15
13
14
13
12
12
10
16
17
15
14
16
17
15
15
15
13
12
16
15
21
20
19
20
20
19
19
17
17
16
15
15
13
14
12
11
15
13
13
11
17
17
16
16
16
15
13
14
14
11
16
15
15
14
13
13
11
16
17
15
16
14
13
11
12
11
18
18
17
17
15
15
15
14
14
12
13
10
17
17
16
16
16
16
15
14
14
12
12
12
11
16
17
16
15
14
13
11
12
9
15
14
15
13
12
13
10
16
15
15
12
15
14
13
12
11
12
11
17
16
15
14
13
14
11
11
12
11
16
16
16
13
13
19
19
18
17
18
17
16
14
14
11
11
12
11
17
16
16
14
14
14
12
13
10
16
15
15
13
19
17
17
17
17
16
15
14
14
11
17
16
16
14
14
14
12
16
15
15
15
13
14
12
11
12
11
16
15
15
14
14
11
17
17
17
17
16
14
13
14
13
11
12
11
17
15
16
15
13
13
12
11
12
10
16
16
16
16
14
14
13
12
15
13
14
13
12
13
11
16
16
16
15
15
14
11
12
11
18
17
17
17
15
15
16
12
14
13
12
15
13
14
14
13
13
11
11
11
10
16
15
15
13
13
12
17
17
17
16
15
15
12
15
122
122
122
121
122
120
119
118
118
115
113
112
111
110
109
109
106
105
105
102
103
102
102
100
100
98
98
97
96
95
96
94
94
92
92
91
89
89
88
87
87
86
85
83
83
81
81
79
79
79
78
78
76
75
73
73
73
71
71
70
70
69
69
69
66
67
67
65
66
64
63
63
62
62
62
60
60
58
57
56
56
55
55
55
54
53
52
51
51
49
48
46
47
47
44
45
45
43
45
42
42
40
40
38
37
36
36
35
33
33
32
31
31
30
29
29
29
26
26
26
24
24
24
23
23
21
22
21
19
20
20
18
19
17
16
14
14
18
17
18
17
18
16
15
14
14
12
18
18
17
17
16
16
14
14
11
15
14
15
13
12
13
11
17
15
15
13
16
14
15
14
12
13
11
10
14
13
13
11
11
17
16
16
17
15
14
14
12
11
12
10
16
16
16
16
15
13
12
12
10
16
15
15
14
13
13
11
14
13
14
12
11
14
14
14
14
11
12
11
16
15
15
13
15
14
14
14
12
18
17
16
14
15
11
17
17
16
16
15
14
12
12
10
16
17
15
14
14
13
12
13
11
18
17
17
17
17
15
16
15
15
12
15
14
15
14
13
17
15
14
14
13
14
11
11
12
11
18
17
17
16
16
16
15
14
14
12
15
13
14
14
12
13
11
11
15
13
14
12
11
14
13
18
18
17
17
18
16
14
14
14
11
12
11
17
17
16
16
15
14
12
16
14
15
15
13
14
14
12
12
10
17
16
16
16
14
14
15
11
12
10
16
16
16
15
13
13
11
11
11
10
16
15
15
13
14
14
12
16
15
15
14
13
13
11
18
17
16
15
15
15
13
14
14
12
13
11
11
12
9
16
16
16
14
14
14
12
15
14
13
13
12
12
11
17
17
16
17
16
15
13
14
14
11
16
14
15
15
13
13
13
11
12
10
16
16
15
15
14
19
18
18
17
18
16
16
14
14
12
15
14
14
14
11
12
10
16
16
16
14
14
12
12
15
15
15
12
13
10
17
16
16
14
15
14
13
15
14
14
14
12
20
18
19
19
17
18
15
15
13
14
12
11
19
18
19
19
16
17
15
15
13
14
12
11
12
11
17
16
15
15
13
13
12
18
18
18
17
15
16
13
12
13
11
11
14
13
14
12
12
11
18
19
20
19
17
18
17
15
15
15
12
16
15
15
14
13
13
11
14
12
13
12
17
17
17
16
15
14
12
13
11
18
17
16
16
16
16
15
14
14
12
13
10
17
16
16
13
14
14
11
15
13
13
13
18
17
16
16
15
14
12
13
10
17
17
16
16
16
16
15
14
14
12
11
12
10
17
17
17
17
16
15
15
15
14
13
12
11
16
16
15
15
13
13
12
13
10
16
15
15
15
13
14
14
12
12
11
16
16
15
13
12
16
15
15
15
13
14
11
11
12
10
16
17
17
14
14
14
12
11
12
10
16
15
16
15
13
14
13
12
13
10
16
16
16
16
16
15
13
13
13
12
18
17
16
16
15
14
12
13
12
11
14
13
13
11
17
16
16
16
16
15
13
14
14
11
12
11
17
16
15
16
14
13
14
14
12
12
11
16
16
15
15
14
14
12
11
12
11
15
15
15
14
14
11
17
17
16
16
14
14
11
15
14
15
15
12
13
12
10
15
15
15
12
13
13
11
19
18
19
18
17
18
15
15
14
14
12
18
17
17
16
14
14
12
12
13
10
16
15
15
13
12
13
11
17
16
16
15
14
14
12
15
14
15
15
12
13
11
17
15
15
15
14
16
15
16
15
13
14
11
11
14
13
17
15
15
15
14
14
13
12
16
14
14
14
13
19
19
20
19
17
18
15
15
14
14
12
19
18
18
17
18
15
15
14
14
11
15
14
14
14
12
12
10
16
15
16
14
13
14
12
11
13
10
16
16
16
15
14
13
11
17
17
17
17
16
15
15
15
15
12
19
18
18
17
17
15
15
15
14
12
16
15
15
15
13
13
11
11
14
13
21
19
19
19
18
18
18
16
15
14
14
12
12
13
10
15
14
14
14
11
12
10
16
16
16
15
13
16
16
16
15
15
13
12
13
11
17
16
16
16
14
14
12
15
14
14
14
13
13
11
11
18
18
19
17
16
14
13
12
18
17
17
16
14
14
12
12
15
13
13
13
12
18
17
17
16
14
14
12
12
15
14
19
18
18
19
19
17
17
16
15
13
13
12
12
19
18
19
18
18
17
17
17
16
16
15
13
13
12
18
17
17
16
14
14
12
12
15
14
14
14
12
13
12
11
12
10
16
15
16
16
13
14
13
11
15
14
14
14
11
12
13
17
17
17
17
15
15
14
14
14
12
12
10
16
16
16
16
14
13
11
11
14
13
14
12
11
18
18
17
17
15
15
14
14
13
12
16
15
15
15
13
14
14
11
12
10
15
16
16
14
15
12
12
15
14
13
13
12
12
10
16
16
15
15
14
14
11
12
10
16
15
16
16
13
14
14
12
15
14
14
13
11
11
10
18
18
19
19
16
16
17
15
15
14
20
19
21
20
21
20
20
20
21
19
18
18
16
16
14
14
14
12
16
14
15
13
12
13
10
17
16
15
13
14
11
17
18
16
16
16
15
12
13
11
17
15
16
15
13
14
12
11
14
12
16
15
15
13
13
14
12
11
14
12
13
12
17
16
16
16
14
16
14
13
13
12
12
11
17
16
15
15
14
14
12
13
10
17
16
16
13
14
14
12
13
10
16
15
15
13
18
18
18
17
18
16
15
13
13
11
17
17
17
16
15
14
12
16
14
15
15
12
13
12
11
14
12
13
12
11
11
10
16
16
15
14
15
14
12
16
14
14
14
12
19
18
18
18
16
15
15
14
12
12
10
18
19
18
18
18
17
17
17
16
16
14
15
13
15
14
14
14
11
18
18
18
19
17
16
16
16
13
14
14
11
12
11
16
16
16
14
14
13
12
15
14
14
14
11
12
11
17
17
17
14
15
15
12
13
11
16
16
16
13
14
14
12
15
14
15
15
12
16
15
15
15
13
14
11
11
12
11
18
18
18
17
17
16
16
15
14
12
13
10
17
17
16
16
16
16
15
14
14
12
16
14
15
14
12
13
11
11
15
14
14
12
11
12
10
16
17
16
15
15
15
11
16
14
14
14
12
11
16
14
15
14
12
16
14
14
14
13
13
14
12
12
13
10
16
16
16
14
14
12
12
13
10
16
15
15
12
16
14
14
14
11
12
11
15
15
15
13
15
14
14
14
12
13
10
16
16
16
13
13
12
11
15
13
13
12
11
11
10
16
17
16
15
14
14
12
13
11
17
18
17
16
16
16
15
14
14
12
215
215
214
221
224
222
222
221
220
221
220
218
218
217
218
216
216
215
216
214
214
212
212
219
220
220
217
215
215
213
213
212
212
212
211
210
209
209
208
208
206
207
206
205
203
203
203
203
201
201
199
200
200
199
198
197
197
196
195
194
199
207
209
211
212
211
210
215
256
277
280
279
279
277
278
269
259
260
261
262
263
263
263
260
254
250
249
246
245
242
241
249
250
250
249
248
249
249
247
246
244
243
241
243
243
241
242
242
241
242
241
239
240
227
226
224
218
214
205
204
211
219
220
202
196
198
199
197
196
194
193
189
189
186
184
180
182
181
179
179
178
175
175
204
212
209
207
202
200
193
193
190
188
185
184
179
178
177
174
168
167
154
135
122
120
119
119
115
116
114
112
112
110
110
107
111
111
110
114
115
114
114
114
112
111
111
111
109
107
105
105
105
118
115
115
108
91
90
81
81
81
80
77
77
77
74
73
73
71
70
69
67
72
73
72
73
72
72
74
58
59
58
54
53
53
52
49
48
47
33
31
30
18
23
24
23
22
23
14
19
18
18
18
15
15
13
12
16
15
15
12
20
19
19
17
18
17
14
18
17
17
14
18
16
22
21
20
17
18
14
27
28
26
24
24
26
25
24
25
25
22
22
22
22
21
20
20
18
16
17
17
14
13
14
12
24
22
22
22
20
15
15
13
13
11
22
25
25
25
26
25
23
20
17
17
24
24
23
22
42
19
20
20
22
20
20
65
65
61
61
60
